Time(fs) LOC 1-LOC
0	0.78666	0.21334
1	0.61819	0.38181
2	0.46942	0.53058
3	0.39801	0.60199
4	0.34439	0.65561
5	0.30806	0.69194
6	0.27854	0.72146
7	0.24616	0.75384
8	0.21412	0.78588
9	0.1825	0.8175
10	0.18515	0.81485
11	0.16476	0.83524
12	0.13134	0.86866
13	0.12096	0.87904
14	0.09014	0.90986
15	0.08469	0.91531
16	0.09567	0.90433
17	0.08951	0.91049
18	0.09099	0.90901
19	0.10463	0.89537
20	0.10922	0.89078
21	0.10776	0.89224
22	0.10742	0.89258
23	0.11019	0.88981
24	0.10718	0.89282
25	0.11113	0.88887
26	0.11542	0.88458
27	0.10803	0.89197
28	0.11541	0.88459
29	0.11685	0.88315
30	0.12125	0.87875
31	0.11777	0.88223
32	0.12209	0.87791
33	0.12069	0.87931
34	0.12549	0.87451
35	0.12354	0.87646
36	0.1163	0.8837
37	0.11511	0.88489
38	0.11114	0.88886
39	0.1081	0.8919
40	0.10272	0.89728
41	0.10014	0.89986
42	0.10156	0.89844
43	0.10675	0.89325
44	0.10843	0.89157
45	0.09858	0.90142
46	0.09389	0.90611
47	0.0909	0.9091
48	0.08551	0.91449
49	0.08098	0.91902
50	0.06492	0.93508
51	0.05819	0.94181
52	0.04984	0.95016
53	0.04516	0.95484
54	0.04698	0.95302
55	0.04304	0.95696
56	0.0388	0.9612
57	0.04347	0.95653
58	0.03931	0.96069
59	0.03579	0.96421
60	0.03572	0.96428
61	0.03648	0.96352
62	0.03384	0.96616
63	0.03272	0.96728
64	0.0296	0.9704
65	0.0251	0.9749
66	0.02514	0.97486
67	0.02518	0.97482
68	0.02472	0.97528
69	0.02481	0.97519
70	0.02979	0.97021
71	0.03391	0.96609
72	0.03444	0.96556
73	0.04096	0.95904
74	0.04408	0.95592
75	0.04625	0.95375
76	0.05593	0.94407
77	0.06287	0.93713
78	0.06392	0.93608
79	0.06138	0.93862
80	0.0638	0.9362
81	0.06564	0.93436
82	0.06667	0.93333
83	0.06892	0.93108
84	0.06866	0.93134
85	0.0636	0.9364
86	0.06304	0.93696
87	0.05865	0.94135
88	0.05548	0.94452
89	0.05277	0.94723
90	0.04895	0.95105
91	0.04628	0.95372
92	0.04743	0.95257
93	0.04811	0.95189
94	0.05802	0.94198
95	0.06193	0.93807
96	0.06168	0.93832
97	0.05433	0.94567
98	0.05504	0.94496
99	0.05433	0.94567
100	0.05492	0.94508
101	0.05452	0.94548
102	0.05392	0.94608
103	0.05355	0.94645
104	0.0496	0.9504
105	0.0481	0.9519
106	0.05788	0.94212
107	0.05055	0.94945
108	0.04432	0.95568
109	0.05124	0.94876
110	0.04419	0.95581
111	0.03423	0.96577
112	0.02868	0.97132
113	0.02398	0.97602
114	0.02083	0.97917
115	0.02106	0.97894
116	0.02368	0.97632
117	0.02798	0.97202
118	0.02934	0.97066
119	0.03087	0.96913
120	0.03199	0.96801
121	0.03272	0.96728
122	0.03529	0.96471
123	0.03717	0.96283
124	0.04234	0.95766
125	0.04794	0.95206
126	0.05137	0.94863
127	0.04948	0.95052
128	0.04582	0.95418
129	0.04529	0.95471
130	0.04792	0.95208
131	0.05146	0.94854
132	0.05312	0.94688
133	0.0578	0.9422
134	0.06323	0.93677
135	0.06691	0.93309
136	0.06251	0.93749
137	0.05783	0.94217
138	0.06005	0.93995
139	0.06201	0.93799
140	0.06541	0.93459
141	0.06412	0.93588
142	0.0611	0.9389
143	0.05584	0.94416
144	0.05502	0.94498
145	0.05514	0.94486
146	0.05558	0.94442
147	0.05547	0.94453
148	0.05226	0.94774
149	0.05254	0.94746
150	0.05711	0.94289
151	0.0584	0.9416
152	0.05642	0.94358
153	0.05795	0.94205
154	0.05506	0.94494
155	0.05369	0.94631
156	0.05264	0.94736
157	0.0508	0.9492
158	0.05135	0.94865
159	0.05185	0.94815
160	0.04872	0.95128
161	0.03983	0.96017
162	0.03391	0.96609
163	0.03234	0.96766
164	0.03283	0.96717
165	0.03002	0.96998
166	0.02934	0.97066
167	0.02872	0.97128
168	0.02681	0.97319
169	0.02526	0.97474
170	0.02081	0.97919
171	0.01735	0.98265
172	0.01678	0.98322
173	0.01555	0.98445
174	0.01288	0.98712
175	0.01291	0.98709
176	0.01263	0.98737
177	0.01213	0.98787
178	0.0121	0.9879
179	0.01416	0.98584
180	0.01537	0.98463
181	0.0182	0.9818
182	0.01771	0.98229
183	0.01619	0.98381
184	0.01552	0.98448
185	0.01418	0.98582
186	0.01573	0.98427
187	0.01861	0.98139
188	0.02298	0.97702
189	0.0248	0.9752
190	0.02776	0.97224
191	0.03074	0.96926
192	0.03616	0.96384
193	0.0462	0.9538
194	0.05181	0.94819
195	0.0593	0.9407
196	0.05888	0.94112
197	0.06238	0.93762
198	0.06264	0.93736
199	0.06261	0.93739
200	0.06209	0.93791
201	0.06484	0.93516
202	0.06192	0.93808
203	0.06975	0.93025
204	0.07417	0.92583
205	0.07242	0.92758
206	0.07223	0.92777
207	0.07537	0.92463
208	0.08095	0.91905
209	0.07846	0.92154
210	0.07762	0.92238
211	0.07746	0.92254
212	0.07338	0.92662
213	0.06963	0.93037
214	0.06952	0.93048
215	0.06801	0.93199
216	0.06359	0.93641
217	0.06191	0.93809
218	0.05896	0.94104
219	0.05276	0.94724
220	0.04714	0.95286
221	0.04072	0.95928
222	0.03703	0.96297
223	0.03474	0.96526
224	0.03175	0.96825
225	0.02705	0.97295
226	0.0213	0.9787
227	0.01959	0.98041
228	0.01889	0.98111
229	0.01734	0.98266
230	0.02036	0.97964
231	0.02331	0.97669
232	0.02087	0.97913
233	0.0199	0.9801
234	0.01554	0.98446
235	0.01509	0.98491
236	0.01522	0.98478
237	0.01597	0.98403
238	0.01562	0.98438
239	0.01392	0.98608
240	0.01447	0.98553
241	0.01683	0.98317
242	0.01756	0.98244
243	0.01975	0.98025
244	0.02092	0.97908
245	0.02068	0.97932
246	0.02033	0.97967
247	0.02243	0.97757
248	0.02558	0.97442
249	0.03042	0.96958
250	0.03321	0.96679
251	0.03485	0.96515
252	0.04149	0.95851
253	0.04332	0.95668
254	0.04251	0.95749
255	0.04374	0.95626
256	0.04532	0.95468
257	0.04617	0.95383
258	0.04766	0.95234
259	0.0476	0.9524
260	0.04531	0.95469
261	0.04331	0.95669
262	0.04226	0.95774
263	0.04473	0.95527
264	0.04559	0.95441
265	0.04609	0.95391
266	0.04732	0.95268
267	0.04582	0.95418
268	0.04801	0.95199
269	0.05089	0.94911
270	0.05195	0.94805
271	0.05139	0.94861
272	0.04824	0.95176
273	0.04845	0.95155
274	0.04956	0.95044
275	0.05176	0.94824
276	0.05277	0.94723
277	0.05084	0.94916
278	0.05023	0.94977
279	0.04684	0.95316
280	0.04591	0.95409
281	0.04901	0.95099
282	0.04582	0.95418
283	0.03906	0.96094
284	0.03803	0.96197
285	0.03469	0.96531
286	0.03377	0.96623
287	0.03457	0.96543
288	0.0351	0.9649
289	0.03537	0.96463
290	0.03692	0.96308
291	0.03743	0.96257
292	0.03713	0.96287
293	0.03749	0.96251
294	0.03854	0.96146
295	0.03943	0.96057
296	0.0391	0.9609
297	0.04197	0.95803
298	0.04485	0.95515
299	0.04039	0.95961
300	0.03624	0.96376
301	0.03603	0.96397
302	0.03777	0.96223
303	0.04315	0.95685
304	0.04693	0.95307
305	0.04809	0.95191
306	0.05137	0.94863
307	0.05474	0.94526
308	0.05423	0.94577
309	0.05211	0.94789
310	0.04946	0.95054
311	0.04693	0.95307
312	0.04684	0.95316
313	0.0513	0.9487
314	0.05732	0.94268
315	0.05985	0.94015
316	0.05767	0.94233
317	0.05408	0.94592
318	0.05412	0.94588
319	0.0545	0.9455
320	0.05445	0.94555
321	0.05527	0.94473
322	0.05519	0.94481
323	0.05302	0.94698
324	0.05207	0.94793
325	0.05065	0.94935
326	0.05265	0.94735
327	0.05579	0.94421
328	0.05429	0.94571
329	0.05621	0.94379
330	0.06051	0.93949
331	0.06293	0.93707
332	0.06147	0.93853
333	0.05993	0.94007
334	0.05335	0.94665
335	0.05029	0.94971
336	0.05222	0.94778
337	0.0509	0.9491
338	0.05025	0.94975
339	0.05186	0.94814
340	0.05405	0.94595
341	0.05389	0.94611
342	0.05368	0.94632
343	0.05543	0.94457
344	0.05569	0.94431
345	0.05401	0.94599
346	0.05474	0.94526
347	0.05431	0.94569
348	0.05048	0.94952
349	0.04826	0.95174
350	0.04744	0.95256
351	0.04767	0.95233
352	0.0466	0.9534
353	0.0429	0.9571
354	0.04407	0.95593
355	0.04543	0.95457
356	0.04592	0.95408
357	0.04617	0.95383
358	0.04606	0.95394
359	0.04636	0.95364
360	0.04466	0.95534
361	0.04144	0.95856
362	0.03945	0.96055
363	0.03924	0.96076
364	0.04056	0.95944
365	0.04531	0.95469
366	0.04974	0.95026
367	0.05188	0.94812
368	0.05555	0.94445
369	0.0568	0.9432
370	0.05512	0.94488
371	0.05473	0.94527
372	0.05681	0.94319
373	0.05806	0.94194
374	0.05794	0.94206
375	0.05795	0.94205
376	0.05809	0.94191
377	0.0606	0.9394
378	0.06022	0.93978
379	0.05868	0.94132
380	0.05823	0.94177
381	0.05922	0.94078
382	0.06189	0.93811
383	0.06217	0.93783
384	0.0613	0.9387
385	0.06184	0.93816
386	0.0644	0.9356
387	0.06517	0.93483
388	0.06397	0.93603
389	0.06377	0.93623
390	0.06398	0.93602
391	0.06445	0.93555
392	0.0659	0.9341
393	0.06383	0.93617
394	0.0617	0.9383
395	0.05695	0.94305
396	0.05329	0.94671
397	0.05068	0.94932
398	0.04934	0.95066
399	0.04679	0.95321
400	0.04289	0.95711
401	0.04084	0.95916
402	0.03952	0.96048
403	0.03859	0.96141
404	0.0401	0.9599
405	0.0404	0.9596
406	0.03896	0.96104
407	0.03886	0.96114
408	0.03824	0.96176
409	0.03686	0.96314
410	0.0368	0.9632
411	0.03534	0.96466
412	0.03446	0.96554
413	0.03627	0.96373
414	0.03562	0.96438
415	0.03484	0.96516
416	0.0352	0.9648
417	0.03719	0.96281
418	0.03905	0.96095
419	0.03991	0.96009
420	0.03821	0.96179
421	0.03614	0.96386
422	0.03484	0.96516
423	0.03427	0.96573
424	0.03364	0.96636
425	0.03389	0.96611
426	0.03352	0.96648
427	0.03161	0.96839
428	0.03133	0.96867
429	0.03297	0.96703
430	0.03491	0.96509
431	0.03714	0.96286
432	0.03828	0.96172
433	0.04028	0.95972
434	0.04305	0.95695
435	0.04504	0.95496
436	0.04576	0.95424
437	0.04603	0.95397
438	0.04573	0.95427
439	0.04511	0.95489
440	0.0463	0.9537
441	0.04839	0.95161
442	0.0485	0.9515
443	0.04781	0.95219
444	0.04867	0.95133
445	0.04842	0.95158
446	0.05117	0.94883
447	0.05364	0.94636
448	0.0535	0.9465
449	0.05275	0.94725
450	0.05411	0.94589
451	0.05518	0.94482
452	0.05597	0.94403
453	0.05738	0.94262
454	0.05843	0.94157
455	0.05817	0.94183
456	0.05726	0.94274
457	0.05743	0.94257
458	0.05641	0.94359
459	0.05616	0.94384
460	0.05732	0.94268
461	0.05715	0.94285
462	0.05518	0.94482
463	0.05336	0.94664
464	0.05408	0.94592
465	0.05279	0.94721
466	0.05249	0.94751
467	0.05097	0.94903
468	0.04936	0.95064
469	0.04758	0.95242
470	0.04622	0.95378
471	0.04602	0.95398
472	0.04861	0.95139
473	0.04997	0.95003
474	0.05004	0.94996
475	0.05036	0.94964
476	0.05102	0.94898
477	0.05057	0.94943
478	0.04923	0.95077
479	0.04949	0.95051
480	0.04837	0.95163
481	0.04746	0.95254
482	0.04672	0.95328
483	0.0437	0.9563
484	0.04175	0.95825
485	0.04103	0.95897
486	0.03937	0.96063
487	0.03974	0.96026
488	0.03933	0.96067
489	0.03859	0.96141
490	0.03801	0.96199
491	0.03753	0.96247
492	0.03824	0.96176
493	0.03862	0.96138
494	0.03983	0.96017
495	0.04115	0.95885
496	0.04209	0.95791
497	0.04305	0.95695
498	0.04324	0.95676
499	0.04354	0.95646
500	0.04408	0.95592
501	0.04365	0.95635
502	0.04371	0.95629
503	0.04367	0.95633
504	0.04156	0.95844
505	0.0395	0.9605
506	0.03768	0.96232
507	0.03644	0.96356
508	0.03539	0.96461
509	0.03423	0.96577
510	0.03437	0.96563
511	0.03688	0.96312
512	0.0391	0.9609
513	0.03956	0.96044
514	0.04006	0.95994
515	0.04216	0.95784
516	0.04477	0.95523
517	0.04656	0.95344
518	0.04809	0.95191
519	0.04829	0.95171
520	0.05033	0.94967
521	0.05344	0.94656
522	0.05484	0.94516
523	0.05601	0.94399
524	0.0566	0.9434
525	0.05808	0.94192
526	0.05967	0.94033
527	0.05986	0.94014
528	0.05933	0.94067
529	0.05931	0.94069
530	0.06085	0.93915
531	0.06329	0.93671
532	0.06361	0.93639
533	0.06437	0.93563
534	0.06466	0.93534
535	0.06387	0.93613
536	0.06207	0.93793
537	0.05951	0.94049
538	0.05891	0.94109
539	0.0597	0.9403
540	0.06081	0.93919
541	0.06054	0.93946
542	0.06055	0.93945
543	0.06116	0.93884
544	0.06129	0.93871
545	0.06221	0.93779
546	0.06396	0.93604
547	0.0651	0.9349
548	0.06724	0.93276
549	0.06956	0.93044
550	0.06983	0.93017
551	0.06969	0.93031
552	0.06987	0.93013
553	0.06963	0.93037
554	0.07011	0.92989
555	0.07168	0.92832
556	0.07454	0.92546
557	0.07846	0.92154
558	0.07809	0.92191
559	0.07763	0.92237
560	0.07643	0.92357
561	0.0762	0.9238
562	0.07752	0.92248
563	0.07838	0.92162
564	0.07852	0.92148
565	0.07648	0.92352
566	0.07192	0.92808
567	0.06861	0.93139
568	0.06629	0.93371
569	0.06565	0.93435
570	0.06695	0.93305
571	0.06763	0.93237
572	0.06798	0.93202
573	0.06637	0.93363
574	0.06319	0.93681
575	0.06059	0.93941
576	0.05683	0.94317
577	0.05583	0.94417
578	0.05636	0.94364
579	0.05423	0.94577
580	0.0531	0.9469
581	0.0537	0.9463
582	0.05321	0.94679
583	0.05212	0.94788
584	0.05061	0.94939
585	0.04951	0.95049
586	0.04818	0.95182
587	0.04683	0.95317
588	0.04636	0.95364
589	0.04553	0.95447
590	0.04511	0.95489
591	0.04558	0.95442
592	0.04626	0.95374
593	0.0455	0.9545
594	0.04398	0.95602
595	0.04208	0.95792
596	0.04335	0.95665
597	0.04262	0.95738
598	0.04225	0.95775
599	0.04328	0.95672
600	0.04376	0.95624
601	0.04423	0.95577
602	0.04433	0.95567
603	0.04293	0.95707
604	0.04337	0.95663
605	0.04257	0.95743
606	0.04263	0.95737
607	0.04558	0.95442
608	0.04625	0.95375
609	0.0459	0.9541
610	0.04467	0.95533
611	0.04559	0.95441
612	0.04827	0.95173
613	0.05053	0.94947
614	0.05308	0.94692
615	0.05316	0.94684
616	0.05391	0.94609
617	0.05644	0.94356
618	0.05889	0.94111
619	0.06166	0.93834
620	0.06351	0.93649
621	0.06268	0.93732
622	0.06312	0.93688
623	0.06185	0.93815
624	0.05988	0.94012
625	0.06061	0.93939
626	0.06274	0.93726
627	0.0626	0.9374
628	0.06246	0.93754
629	0.06138	0.93862
630	0.05766	0.94234
631	0.05431	0.94569
632	0.05347	0.94653
633	0.05329	0.94671
634	0.05409	0.94591
635	0.0529	0.9471
636	0.04736	0.95264
637	0.04473	0.95527
638	0.04181	0.95819
639	0.03883	0.96117
640	0.03617	0.96383
641	0.03362	0.96638
642	0.03161	0.96839
643	0.02996	0.97004
644	0.02907	0.97093
645	0.0293	0.9707
646	0.02983	0.97017
647	0.03024	0.96976
648	0.02858	0.97142
649	0.02811	0.97189
650	0.03061	0.96939
651	0.03176	0.96824
652	0.03208	0.96792
653	0.03135	0.96865
654	0.03056	0.96944
655	0.03198	0.96802
656	0.03392	0.96608
657	0.03599	0.96401
658	0.0364	0.9636
659	0.03783	0.96217
660	0.04023	0.95977
661	0.04012	0.95988
662	0.04057	0.95943
663	0.04166	0.95834
664	0.04123	0.95877
665	0.0407	0.9593
666	0.04008	0.95992
667	0.03876	0.96124
668	0.0371	0.9629
669	0.03591	0.96409
670	0.03676	0.96324
671	0.03686	0.96314
672	0.03417	0.96583
673	0.0307	0.9693
674	0.02735	0.97265
675	0.02616	0.97384
676	0.02627	0.97373
677	0.02569	0.97431
678	0.02456	0.97544
679	0.02302	0.97698
680	0.02128	0.97872
681	0.02187	0.97813
682	0.02212	0.97788
683	0.02304	0.97696
684	0.02556	0.97444
685	0.02665	0.97335
686	0.02646	0.97354
687	0.02586	0.97414
688	0.02818	0.97182
689	0.03382	0.96618
690	0.03294	0.96706
691	0.03576	0.96424
692	0.03652	0.96348
693	0.03787	0.96213
694	0.03607	0.96393
695	0.03853	0.96147
696	0.04025	0.95975
697	0.04064	0.95936
698	0.04122	0.95878
699	0.04232	0.95768
700	0.04278	0.95722
701	0.04279	0.95721
702	0.04294	0.95706
703	0.04369	0.95631
704	0.04434	0.95566
705	0.0451	0.9549
706	0.04469	0.95531
707	0.04649	0.95351
708	0.05168	0.94832
709	0.05153	0.94847
710	0.05038	0.94962
711	0.05182	0.94818
712	0.05425	0.94575
713	0.05526	0.94474
714	0.05767	0.94233
715	0.06186	0.93814
716	0.06179	0.93821
717	0.06419	0.93581
718	0.06557	0.93443
719	0.06267	0.93733
720	0.06127	0.93873
721	0.06052	0.93948
722	0.05943	0.94057
723	0.05901	0.94099
724	0.05691	0.94309
725	0.05553	0.94447
726	0.05258	0.94742
727	0.04979	0.95021
728	0.0482	0.9518
729	0.0454	0.9546
730	0.04351	0.95649
731	0.04217	0.95783
732	0.04091	0.95909
733	0.03791	0.96209
734	0.03732	0.96268
735	0.03806	0.96194
736	0.04014	0.95986
737	0.04139	0.95861
738	0.04218	0.95782
739	0.04301	0.95699
740	0.04266	0.95734
741	0.03937	0.96063
742	0.03634	0.96366
743	0.03486	0.96514
744	0.0312	0.9688
745	0.02787	0.97213
746	0.02609	0.97391
747	0.02511	0.97489
748	0.02407	0.97593
749	0.0227	0.9773
750	0.02237	0.97763
751	0.02254	0.97746
752	0.02303	0.97697
753	0.02405	0.97595
754	0.02342	0.97658
755	0.0226	0.9774
756	0.02469	0.97531
757	0.02615	0.97385
758	0.02741	0.97259
759	0.02874	0.97126
760	0.02985	0.97015
761	0.03195	0.96805
762	0.03392	0.96608
763	0.03688	0.96312
764	0.03846	0.96154
765	0.03697	0.96303
766	0.03716	0.96284
767	0.03764	0.96236
768	0.0358	0.9642
769	0.03482	0.96518
770	0.0341	0.9659
771	0.03383	0.96617
772	0.03298	0.96702
773	0.03161	0.96839
774	0.03159	0.96841
775	0.03298	0.96702
776	0.03361	0.96639
777	0.03492	0.96508
778	0.03781	0.96219
779	0.03979	0.96021
780	0.04128	0.95872
781	0.0437	0.9563
782	0.04564	0.95436
783	0.04769	0.95231
784	0.05084	0.94916
785	0.05401	0.94599
786	0.05577	0.94423
787	0.05813	0.94187
788	0.05978	0.94022
789	0.06178	0.93822
790	0.06392	0.93608
791	0.0641	0.9359
792	0.06371	0.93629
793	0.06348	0.93652
794	0.06437	0.93563
795	0.06602	0.93398
796	0.06418	0.93582
797	0.06314	0.93686
798	0.06353	0.93647
799	0.06175	0.93825
800	0.06277	0.93723
801	0.06224	0.93776
802	0.06097	0.93903
803	0.06197	0.93803
804	0.06103	0.93897
805	0.06087	0.93913
806	0.06018	0.93982
807	0.05964	0.94036
808	0.06123	0.93877
809	0.06219	0.93781
810	0.06186	0.93814
811	0.05972	0.94028
812	0.05943	0.94057
813	0.05868	0.94132
814	0.05597	0.94403
815	0.05179	0.94821
816	0.04835	0.95165
817	0.04526	0.95474
818	0.04416	0.95584
819	0.04392	0.95608
820	0.04451	0.95549
821	0.04498	0.95502
822	0.04179	0.95821
823	0.03948	0.96052
824	0.03619	0.96381
825	0.03364	0.96636
826	0.03245	0.96755
827	0.03009	0.96991
828	0.02869	0.97131
829	0.02899	0.97101
830	0.02896	0.97104
831	0.0295	0.9705
832	0.02843	0.97157
833	0.02708	0.97292
834	0.02675	0.97325
835	0.02539	0.97461
836	0.02338	0.97662
837	0.02164	0.97836
838	0.01989	0.98011
839	0.01896	0.98104
840	0.01794	0.98206
841	0.01797	0.98203
842	0.01743	0.98257
843	0.01646	0.98354
844	0.0145	0.9855
845	0.01416	0.98584
846	0.01458	0.98542
847	0.01708	0.98292
848	0.01783	0.98217
849	0.01813	0.98187
850	0.01986	0.98014
851	0.01972	0.98028
852	0.01735	0.98265
853	0.01698	0.98302
854	0.01507	0.98493
855	0.01419	0.98581
856	0.0137	0.9863
857	0.01319	0.98681
858	0.01372	0.98628
859	0.01499	0.98501
860	0.01665	0.98335
861	0.01828	0.98172
862	0.0201	0.9799
863	0.02189	0.97811
864	0.02309	0.97691
865	0.02434	0.97566
866	0.02795	0.97205
867	0.0311	0.9689
868	0.03594	0.96406
869	0.03971	0.96029
870	0.04249	0.95751
871	0.04593	0.95407
872	0.04731	0.95269
873	0.04779	0.95221
874	0.0484	0.9516
875	0.04748	0.95252
876	0.0472	0.9528
877	0.049	0.951
878	0.05062	0.94938
879	0.04974	0.95026
880	0.04527	0.95473
881	0.0444	0.9556
882	0.04273	0.95727
883	0.04142	0.95858
884	0.0421	0.9579
885	0.0438	0.9562
886	0.04364	0.95636
887	0.04231	0.95769
888	0.04056	0.95944
889	0.03935	0.96065
890	0.03878	0.96122
891	0.03894	0.96106
892	0.04007	0.95993
893	0.03969	0.96031
894	0.03988	0.96012
895	0.03809	0.96191
896	0.03553	0.96447
897	0.03516	0.96484
898	0.03495	0.96505
899	0.03648	0.96352
900	0.03631	0.96369
901	0.03674	0.96326
902	0.03744	0.96256
903	0.03733	0.96267
904	0.03498	0.96502
905	0.03382	0.96618
906	0.02999	0.97001
907	0.02704	0.97296
908	0.02422	0.97578
909	0.0232	0.9768
910	0.02224	0.97776
911	0.02004	0.97996
912	0.02073	0.97927
913	0.01831	0.98169
914	0.01321	0.98679
915	0.01154	0.98846
916	0.01113	0.98887
917	0.01125	0.98875
918	0.0131	0.9869
919	0.0139	0.9861
920	0.01509	0.98491
921	0.01629	0.98371
922	0.01716	0.98284
923	0.01876	0.98124
924	0.01865	0.98135
925	0.02443	0.97557
926	0.02848	0.97152
927	0.03222	0.96778
928	0.03523	0.96477
929	0.03705	0.96295
930	0.03737	0.96263
931	0.03897	0.96103
932	0.04086	0.95914
933	0.04297	0.95703
934	0.04317	0.95683
935	0.04361	0.95639
936	0.04305	0.95695
937	0.04272	0.95728
938	0.04349	0.95651
939	0.04467	0.95533
940	0.04592	0.95408
941	0.04771	0.95229
942	0.05018	0.94982
943	0.05331	0.94669
944	0.0554	0.9446
945	0.057	0.943
946	0.06014	0.93986
947	0.06038	0.93962
948	0.06011	0.93989
949	0.05904	0.94096
950	0.06016	0.93984
951	0.05862	0.94138
952	0.05528	0.94472
953	0.05408	0.94592
954	0.05322	0.94678
955	0.05404	0.94596
956	0.05184	0.94816
957	0.04928	0.95072
958	0.04962	0.95038
959	0.05007	0.94993
960	0.04942	0.95058
961	0.04668	0.95332
962	0.04529	0.95471
963	0.0432	0.9568
964	0.04053	0.95947
965	0.03983	0.96017
966	0.03954	0.96046
967	0.03749	0.96251
968	0.03563	0.96437
969	0.03636	0.96364
970	0.03747	0.96253
971	0.03653	0.96347
972	0.03693	0.96307
973	0.03796	0.96204
974	0.03813	0.96187
975	0.03888	0.96112
976	0.03592	0.96408
977	0.0346	0.9654
978	0.03469	0.96531
979	0.03435	0.96565
980	0.03236	0.96764
981	0.02965	0.97035
982	0.02893	0.97107
983	0.03048	0.96952
984	0.03265	0.96735
985	0.03472	0.96528
986	0.0348	0.9652
987	0.03519	0.96481
988	0.03696	0.96304
989	0.03815	0.96185
990	0.03671	0.96329
991	0.03615	0.96385
992	0.03596	0.96404
993	0.0366	0.9634
994	0.03756	0.96244
995	0.03824	0.96176
996	0.04003	0.95997
997	0.04234	0.95766
998	0.04619	0.95381